958450
958450
958450
958450
919918
920010
828378
828378
828793
910112
758760
758850
813770
823937
446238
446246
595306
815985
659959
446211
446211
446211
446211
946044
946044
946044
818062
818062
304123
304123
304123
304123
446262
446262
446262
571180
909963
647837
811858
647977
324345
321044
696692
792128
755303
755303
755303
750336
750336
324760
324760
324760
811548
615501
965910
965910
1789618121338
959030
959081
959081
959081
794368
903256
635243
919667
919667
919667
820822
820822
820822
925853
925551
750298
666033
943665
510602
958905
950718
950718
950785
950750
950750
950734
566810
566616
886165
934100
934895
934895
934895
982555
982644
909858
909823
950777
950777
961850
753424
956686
514020
206784
7897348200451
7897348200451
7897348200451
646857
646857
