7908248301374
7908248301374
7908248301374
7908248301374
7896181299004
52742038162
52742038131
7896181213406
7896588944583
52742038247
7896181213420
7896181213376
7896181218388
7896181218388
52742023786
52742951607
7891000318867
7891000308257
7891000308257
7891000307816
7891000307816
7891000308363
7891000308363
7891000307991
7891000324080
7897348204312
7897348204312
7897348204312
7897348204268
7897348204268
7897348204268
7897348204268
7897348204305
7897348204305
7897348207658
7897348202363
7897348202356
7897348202325
7897348205173
7897348205180
7897348202301
7897348202332
7897348205371
7897348207658
7897348207658
7897348205371
7897348202332
7897348202301
7897348207412
7897348207689
7897348207689
7897348207689
7897348207689
7897348204299
7897348204299
7897348204251
7897348204251
7897348207696
7897348207696
7897348207726
7897348207726
7897348204244
7897348204244
7897348202363
7897348202363
7897348207412
7897348205180
7897348205173
7897348207689
7897348207689
7897348207689
7897348207689
7897348207719
7897348207719
7897348202400
7897348202400
7897348202400
7897348202400
7897348207702
7897348207429